FCW 1, 4, 5, 17
MEX 5, 9, 13, 16, 19
RSA 4, 9, 10, 12, 13
KOR 14, 16, 20
CZE 5, 13, 17, 20
CAN 1, 5, 9, 12, 14
BIH 1, 2, 4, 9, 14, 17, 18
QAT 3, 5, 7, 19
SUI 2, 6, 7, 14, 17, 19
BRA 1, 6, 7, 10, 12
MAR 2, 6, 7, 11, 12, 13, 20
HAI 3, 9, 13
SCO 3, 6, 7, 10, 17, 20
USA 1, 2, 5, 14, 15, 18
PAR 8, 9, 11, 13, 15, 16, 17
AUS 2, 4, 9, 11, 18
TUR 8, 9, 10, 11, 14, 15, 17
GER 4, 10, 19
CUW 1, 4, 7, 9, 10, 12, 15, 18, 19
CIV 1, 2, 4, 5, 11, 16
ECU 3, 6, 11, 12
NED 3, 4, 6, 7, 11, 12, 19
JPN 4, 6
SWE 2, 17
TUN 3, 12
BEL 10, 11, 17, 20
EGY 6, 9, 11, 15, 16, 19
IRN 14, 16, 20
NZL 1, 6, 11, 18, 19
ESP 2, 7, 9, 19
CPV 3, 4, 6, 8, 12, 14
KSA 2, 6, 12, 17, 20
URU 1, 8, 15, 17
FRA 1, 2, 6, 9, 11, 15, 18, 19
SEN 1, 2, 3, 7, 19
IRQ 10, 11, 13, 15, 20
NOR 1, 3, 5, 10, 12, 17, 19, 20
ARG 1, 2, 5, 7, 10, 14, 16, 18
ALG 2, 5, 8, 17, 20
AUT 5, 19
JOR 4, 5, 6, 10, 14, 16, 20
POR 1, 2, 5, 9, 11, 14, 15
COD 5, 8, 10, 13, 15, 16, 20
UZB 1, 8, 13, 14, 15
COL 3, 5, 8, 11, 12, 15, 16, 18, 19
ENG 3, 4, 7, 8, 14, 18
CRO 2, 15, 16, 17, 19
GHA 11, 19, 20
PAN 3, 6, 8, 12, 13, 17
